0    9099
1    7512
2    5224
3    3189
4    1940
5    2243
6    3490
7    5515
8    7336
9    8381
10    8799
11    9033
12    9267
13    9475
14    9679
15    9859
16    9965
17    9994
18    10000
19    10000
20    10000
21    10000
22    10000
23    10000
24    10000
25    10000
26    10000
27    10000
28    10000
29    10000
30    10000
31    10000
32    10000
33    10000
34    10000
35    10000
36    10000
37    10000
38    10000
39    10000
40    10000
41    10000
42    10000
43    10000
44    10000
45    10000
46    10000
47    10000
48    10000
49    10000
0    9099
1    7512
2    5224
3    3189
4    1940
5    2243
6    3490
7    5515
8    7336
9    8381
10    8799
11    9033
12    9267
13    9475
14    9679
15    9859
16    9965
17    9994
18    10000
19    10000
20    10000
21    10000
22    10000
23    10000
24    10000
25    10000
26    10000
27    10000
28    10000
29    10000
30    10000
31    10000
32    10000
33    10000
34    10000
35    10000
36    10000
37    10000
38    10000
39    10000
40    10000
41    10000
42    10000
43    10000
44    10000
45    10000
46    10000
47    10000
48    10000
49    10000
0    9099
1    8778
2    8207
3    8344
4    8237
5    8376
6    8717
7    8798
8    8925
9    9077
10    9198
11    9304
12    9411
13    9485
14    9555
15    9604
16    9656
17    9694
18    9731
19    9762
20    9791
21    9810
22    9830
23    9842
24    9850
25    9855
26    9860
27    9868
28    9868
29    9873
30    9876
31    9884
32    9886
33    9891
34    9890
35    9894
36    9895
37    9905
38    9909
39    9920
40    9925
41    9936
42    9940
43    9949
44    9953
45    9960
46    9962
47    9968
48    9971
49    9979
0    9099
1    8768
2    8240
3    8443
4    8373
5    8465
6    8767
7    8831
8    8971
9    9120
10    9248
11    9361
12    9452
13    9531
14    9606
15    9667
16    9711
17    9748
18    9778
19    9816
20    9846
21    9879
22    9890
23    9904
24    9906
25    9913
26    9910
27    9914
28    9916
29    9923
30    9927
31    9934
32    9937
33    9942
34    9945
35    9949
36    9950
37    9952
38    9953
39    9956
40    9959
41    9964
42    9967
43    9970
44    9972
45    9973
46    9974
47    9974
48    9974
49    9974
0    9099
1    8825
2    8338
3    8573
4    8481
5    8579
6    8865
7    8926
8    9037
9    9173
10    9301
11    9428
12    9561
13    9640
14    9702
15    9739
16    9778
17    9813
18    9845
19    9869
20    9895
21    9914
22    9930
23    9942
24    9953
25    9960
26    9968
27    9973
28    9978
29    9980
30    9982
31    9984
32    9985
33    9985
34    9985
35    9985
36    9985
37    9985
38    9985
39    9985
40    9986
41    9986
42    9987
43    9986
44    9987
45    9987
46    9989
47    9990
48    9992
49    9994
0    9099
1    8793
2    8272
3    8476
4    8380
5    8486
6    8798
7    8886
8    9029
9    9192
10    9337
11    9465
12    9560
13    9616
14    9662
15    9704
16    9752
17    9787
18    9820
19    9839
20    9858
21    9867
22    9875
23    9884
24    9891
25    9900
26    9907
27    9916
28    9920
29    9923
30    9926
31    9930
32    9938
33    9945
34    9952
35    9955
36    9961
37    9965
38    9970
39    9972
40    9975
41    9978
42    9980
43    9982
44    9983
45    9987
46    9989
47    9992
48    9994
49    9995
0    9099
1    8775
2    8254
3    8443
4    8355
5    8411
6    8682
7    8744
8    8903
9    9094
10    9228
11    9352
12    9447
13    9514
14    9580
15    9629
16    9697
17    9732
18    9765
19    9783
20    9813
21    9848
22    9870
23    9885
24    9889
25    9895
26    9901
27    9903
28    9911
29    9918
30    9929
31    9933
32    9934
33    9937
34    9947
35    9957
36    9966
37    9972
38    9978
39    9981
40    9984
41    9985
42    9988
43    9988
44    9990
45    9989
46    9991
47    9992
48    9995
49    9996
0    9099
1    8775
2    8254
3    7542
4    7538
5    7195
6    7035
7    7116
8    7439
9    7627
10    7863
11    8107
12    8343
13    8528
14    8729
15    8892
16    9029
17    9153
18    9257
19    9363
20    9475
21    9557
22    9617
23    9666
24    9706
25    9744
26    9785
27    9822
28    9847
29    9871
30    9885
31    9895
32    9908
33    9922
34    9935
35    9946
36    9959
37    9967
38    9975
39    9983
40    9985
41    9987
42    9987
43    9988
44    9990
45    9991
46    9993
47    9994
48    9995
49    9996
0    9099
1    8793
2    8272
3    7575
4    7587
5    7238
6    7089
7    7108
8    7355
9    7493
10    7676
11    7934
12    8221
13    8426
14    8631
15    8814
16    8961
17    9081
18    9220
19    9329
20    9441
21    9560
22    9639
23    9713
24    9771
25    9809
26    9841
27    9869
28    9885
29    9898
30    9909
31    9919
32    9926
33    9934
34    9945
35    9951
36    9960
37    9969
38    9975
39    9981
40    9985
41    9988
42    9991
43    9994
44    9996
45    9998
46    9999
47    10000
48    10000
49    10000
0    9099
1    8778
2    8207
3    7443
4    7448
5    7124
6    7046
7    7182
8    7511
9    7677
10    7919
11    8162
12    8371
13    8561
14    8690
15    8838
16    8980
17    9086
18    9190
19    9275
20    9350
21    9411
22    9488
23    9563
24    9655
25    9738
26    9806
27    9861
28    9893
29    9924
30    9944
31    9960
32    9972
33    9977
34    9983
35    9987
36    9992
37    9995
38    9998
39    10000
40    10000
41    10000
42    10000
43    10000
44    10000
45    10000
46    10000
47    10000
48    10000
49    10000
0    9099
1    8825
2    8338
3    7672
4    7714
5    7340
6    7174
7    7178
8    7445
9    7624
10    7866
11    8185
12    8475
13    8674
14    8838
15    8965
16    9073
17    9169
18    9256
19    9326
20    9384
21    9429
22    9479
23    9527
24    9575
25    9644
26    9700
27    9760
28    9806
29    9827
30    9847
31    9854
32    9867
33    9881
34    9893
35    9906
36    9923
37    9941
38    9956
39    9966
40    9970
41    9973
42    9975
43    9980
44    9984
45    9987
46    9991
47    9994
48    9998
49    9999
0    9099
1    8768
2    8240
3    7542
4    7539
5    7242
6    7090
7    7139
8    7412
9    7513
10    7708
11    7949
12    8243
13    8476
14    8692
15    8876
16    9020
17    9139
18    9265
19    9359
20    9439
21    9515
22    9576
23    9637
24    9692
25    9747
26    9791
27    9820
28    9843
29    9863
30    9890
31    9917
32    9942
33    9957
34    9960
35    9965
36    9970
37    9975
38    9980
39    9985
40    9990
41    9994
42    9997
43    10000
44    10000
45    10000
46    10000
47    10000
48    10000
49    10000
0    9099
1    8768
2    8240
3    7542
4    6638
5    6524
6    6098
7    5922
8    5981
9    6339
10    6872
11    7250
12    7622
13    7955
14    8233
15    8470
16    8635
17    8769
18    8920
19    9070
20    9223
21    9383
22    9535
23    9658
24    9757
25    9837
26    9884
27    9930
28    9962
29    9981
30    9993
31    10000
32    10000
33    10000
34    10000
35    10000
36    10000
37    10000
38    10000
39    10000
40    10000
41    10000
42    10000
43    10000
44    10000
45    10000
46    10000
47    10000
48    10000
49    10000
0    9099
1    8775
2    8254
3    7542
4    6637
5    6491
6    6058
7    5914
8    6025
9    6356
10    6922
11    7288
12    7625
13    7948
14    8265
15    8542
16    8750
17    8917
18    9068
19    9216
20    9316
21    9404
22    9497
23    9558
24    9619
25    9688
26    9764
27    9817
28    9875
29    9917
30    9948
31    9967
32    9982
33    9990
34    9996
35    10000
36    10000
37    10000
38    10000
39    10000
40    10000
41    10000
42    10000
43    10000
44    10000
45    10000
46    10000
47    10000
48    10000
49    10000
0    9099
1    8793
2    8272
3    7575
4    6686
5    6585
6    6124
7    5938
8    5982
9    6279
10    6795
11    7157
12    7501
13    7843
14    8162
15    8405
16    8590
17    8782
18    8936
19    9086
20    9261
21    9421
22    9552
23    9680
24    9789
25    9857
26    9917
27    9957
28    9986
29    10000
30    10000
31    10000
32    10000
33    10000
34    10000
35    10000
36    10000
37    10000
38    10000
39    10000
40    10000
41    10000
42    10000
43    10000
44    10000
45    10000
46    10000
47    10000
48    10000
49    10000
0    9099
1    8825
2    8338
3    7672
4    6813
5    6722
6    6272
7    6082
8    6155
9    6517
10    7097
11    7459
12    7794
13    8086
14    8311
15    8474
16    8619
17    8760
18    8876
19    8988
20    9098
21    9212
22    9317
23    9427
24    9534
25    9629
26    9701
27    9772
28    9833
29    9877
30    9912
31    9936
32    9958
33    9969
34    9975
35    9983
36    9990
37    9993
38    9996
39    9999
40    10000
41    10000
42    10000
43    10000
44    10000
45    10000
46    10000
47    10000
48    10000
49    10000
0    9099
1    8778
2    8207
3    7443
4    6547
5    6431
6    5999
7    5906
8    6065
9    6423
10    6956
11    7290
12    7594
13    7882
14    8148
15    8390
16    8617
17    8810
18    8986
19    9135
20    9288
21    9398
22    9513
23    9634
24    9754
25    9840
26    9920
27    9972
28    9992
29    9995
30    9998
31    10000
32    10000
33    10000
34    10000
35    10000
36    10000
37    10000
38    10000
39    10000
40    10000
41    10000
42    10000
43    10000
44    10000
45    10000
46    10000
47    10000
48    10000
49    10000
0    9099
1    8778
2    8207
3    7443
4    6547
5    5530
6    5438
7    5063
8    5040
9    5307
10    5736
11    6341
12    6988
13    7385
14    7732
15    8016
16    8308
17    8558
18    8772
19    8961
20    9131
21    9279
22    9425
23    9577
24    9707
25    9815
26    9891
27    9956
28    9985
29    9995
30    9997
31    9999
32    10000
33    10000
34    10000
35    10000
36    10000
37    10000
38    10000
39    10000
40    10000
41    10000
42    10000
43    10000
44    10000
45    10000
46    10000
47    10000
48    10000
49    10000
0    9099
1    8768
2    8240
3    7542
4    6638
5    5623
6    5469
7    5064
8    4966
9    5163
10    5623
11    6275
12    7017
13    7464
14    7833
15    8120
16    8365
17    8545
18    8713
19    8903
20    9082
21    9248
22    9419
23    9580
24    9708
25    9801
26    9879
27    9927
28    9955
29    9977
30    9994
31    10000
32    10000
33    10000
34    10000
35    10000
36    10000
37    10000
38    10000
39    10000
40    10000
41    10000
42    10000
43    10000
44    10000
45    10000
46    10000
47    10000
48    10000
49    10000
0    9099
1    8775
2    8254
3    7542
4    6637
5    5590
6    5471
7    5100
8    5013
9    5189
10    5649
11    6333
12    7050
13    7479
14    7849
15    8189
16    8461
17    8681
18    8863
19    9015
20    9153
21    9270
22    9373
23    9461
24    9552
25    9645
26    9733
27    9810
28    9880
29    9935
30    9965
31    9986
32    9998
33    10000
34    10000
35    10000
36    10000
37    10000
38    10000
39    10000
40    10000
41    10000
42    10000
43    10000
44    10000
45    10000
46    10000
47    10000
48    10000
49    10000
0    9099
1    8793
2    8272
3    7575
4    6686
5    5684
6    5557
7    5124
8    5011
9    5160
10    5590
11    6208
12    6893
13    7322
14    7700
15    8014
16    8278
17    8519
18    8721
19    8931
20    9128
21    9305
22    9469
23    9592
24    9730
25    9830
26    9889
27    9946
28    9977
29    9997
30    10000
31    10000
32    10000
33    10000
34    10000
35    10000
36    10000
37    10000
38    10000
39    10000
40    10000
41    10000
42    10000
43    10000
44    10000
45    10000
46    10000
47    10000
48    10000
49    10000
0    9099
1    8825
2    8338
3    7672
4    6813
5    5821
6    5741
7    5301
8    5219
9    5416
10    5869
11    6505
12    7154
13    7570
14    7885
15    8121
16    8322
17    8488
18    8647
19    8792
20    8918
21    9051
22    9177
23    9313
24    9448
25    9570
26    9681
27    9768
28    9841
29    9889
30    9921
31    9949
32    9964
33    9976
34    9980
35    9985
36    9991
37    9994
38    9996
39    9997
40    9999
41    10000
42    10000
43    10000
44    10000
45    10000
46    10000
47    10000
48    10000
49    10000
0    9099
1    8825
2    8338
3    7672
4    6813
5    5821
6    4840
7    4841
8    4550
9    4562
10    4845
11    5342
12    6017
13    6708
14    7362
15    7705
16    7967
17    8155
18    8336
19    8499
20    8675
21    8836
22    8991
23    9164
24    9333
25    9509
26    9663
27    9777
28    9862
29    9929
30    9969
31    9995
32    10000
33    10000
34    10000
35    10000
36    10000
37    10000
38    10000
39    10000
40    10000
41    10000
42    10000
43    10000
44    10000
45    10000
46    10000
47    10000
48    10000
49    10000
0    9099
1    8793
2    8272
3    7575
4    6686
5    5684
6    4656
7    4632
8    4305
9    4289
10    4544
11    5042
12    5726
13    6467
14    7155
15    7572
16    7931
17    8229
18    8482
19    8731
20    8965
21    9150
22    9342
23    9508
24    9652
25    9790
26    9859
27    9912
28    9964
29    9988
30    10000
31    10000
32    10000
33    10000
34    10000
35    10000
36    10000
37    10000
38    10000
39    10000
40    10000
41    10000
42    10000
43    10000
44    10000
45    10000
46    10000
47    10000
48    10000
49    10000
0    9099
1    8775
2    8254
3    7542
4    6637
5    5590
6    4570
7    4567
8    4268
9    4251
10    4572
11    5138
12    5911
13    6672
14    7342
15    7783
16    8163
17    8425
18    8644
19    8824
20    8996
21    9163
22    9282
23    9386
24    9481
25    9585
26    9675
27    9762
28    9829
29    9892
30    9946
31    9980
32    9996
33    10000
34    10000
35    10000
36    10000
37    10000
38    10000
39    10000
40    10000
41    10000
42    10000
43    10000
44    10000
45    10000
46    10000
47    10000
48    10000
49    10000
0    9099
1    8768
2    8240
3    7542
4    6638
5    5623
6    4568
7    4542
8    4243
9    4271
10    4539
11    5089
12    5807
13    6606
14    7296
15    7721
16    8039
17    8300
18    8509
19    8723
20    8920
21    9121
22    9302
23    9466
24    9623
25    9764
26    9847
27    9906
28    9942
29    9966
30    9984
31    9996
32    10000
33    10000
34    10000
35    10000
36    10000
37    10000
38    10000
39    10000
40    10000
41    10000
42    10000
43    10000
44    10000
45    10000
46    10000
47    10000
48    10000
49    10000
0    9099
1    8778
2    8207
3    7443
4    6547
5    5530
6    4537
7    4547
8    4247
9    4302
10    4637
11    5149
12    5855
13    6577
14    7240
15    7659
16    8018
17    8293
18    8560
19    8775
20    8973
21    9146
22    9327
23    9476
24    9628
25    9744
26    9840
27    9913
28    9968
29    9989
30    9997
31    9999
32    10000
33    10000
34    10000
35    10000
36    10000
37    10000
38    10000
39    10000
40    10000
41    10000
42    10000
43    10000
44    10000
45    10000
46    10000
47    10000
48    10000
49    10000
0    9099
1    8778
2    8207
3    7443
4    6547
5    5530
6    4537
7    3646
8    3775
9    3576
10    3702
11    4110
12    4705
13    5461
14    6237
15    6930
16    7547
17    7921
18    8258
19    8530
20    8774
21    9014
22    9226
23    9424
24    9579
25    9725
26    9833
27    9917
28    9974
29    9995
30    10000
31    10000
32    10000
33    10000
34    10000
35    10000
36    10000
37    10000
38    10000
39    10000
40    10000
41    10000
42    10000
43    10000
44    10000
45    10000
46    10000
47    10000
48    10000
49    10000
0    9099
1    8768
2    8240
3    7542
4    6638
5    5623
6    4568
7    3641
8    3771
9    3588
10    3685
11    4049
12    4661
13    5422
14    6249
15    6978
16    7568
17    7920
18    8259
19    8524
20    8775
21    9004
22    9210
23    9392
24    9562
25    9724
26    9816
27    9885
28    9926
29    9951
30    9973
31    9989
32    10000
33    10000
34    10000
35    10000
36    10000
37    10000
38    10000
39    10000
40    10000
41    10000
42    10000
43    10000
44    10000
45    10000
46    10000
47    10000
48    10000
49    10000
0    9099
1    8775
2    8254
3    7542
4    6637
5    5590
6    4570
7    3666
8    3796
9    3591
10    3727
11    4124
12    4754
13    5565
14    6374
15    7105
16    7733
17    8137
18    8406
19    8627
20    8825
21    8994
22    9144
23    9270
24    9387
25    9499
26    9613
27    9707
28    9784
29    9851
30    9912
31    9959
32    9985
33    9998
34    10000
35    10000
36    10000
37    10000
38    10000
39    10000
40    10000
41    10000
42    10000
43    10000
44    10000
45    10000
46    10000
47    10000
48    10000
49    10000
0    9099
1    8793
2    8272
3    7575
4    6686
5    5684
6    4656
7    3731
8    3835
9    3601
10    3683
11    4016
12    4594
13    5331
14    6120
15    6836
16    7450
17    7878
18    8229
19    8536
20    8799
21    9015
22    9232
23    9433
24    9616
25    9728
26    9816
27    9873
28    9921
29    9970
30    9992
31    10000
32    10000
33    10000
34    10000
35    10000
36    10000
37    10000
38    10000
39    10000
40    10000
41    10000
42    10000
43    10000
44    10000
45    10000
46    10000
47    10000
48    10000
49    10000
0    9099
1    8825
2    8338
3    7672
4    6813
5    5821
6    4840
7    3940
8    4098
9    3902
10    3999
11    4335
12    4896
13    5617
14    6378
15    7054
16    7590
17    7872
18    8103
19    8286
20    8484
21    8675
22    8842
23    9033
24    9216
25    9401
26    9560
27    9707
28    9807
29    9887
30    9940
31    9973
32    9997
33    10000
34    10000
35    10000
36    10000
37    10000
38    10000
39    10000
40    10000
41    10000
42    10000
43    10000
44    10000
45    10000
46    10000
47    10000
48    10000
49    10000
0    9099
1    8825
2    8338
3    7672
4    6813
5    5821
6    4840
7    3940
8    3197
9    3501
10    3372
11    3531
12    3904
13    4501
14    5273
15    6035
16    6728
17    7291
18    7751
19    8042
20    8291
21    8518
22    8739
23    8930
24    9128
25    9332
26    9512
27    9649
28    9761
29    9840
30    9906
31    9947
32    9976
33    9997
34    10000
35    10000
36    10000
37    10000
38    10000
39    10000
40    10000
41    10000
42    10000
43    10000
44    10000
45    10000
46    10000
47    10000
48    10000
49    10000
0    9099
1    8793
2    8272
3    7575
4    6686
5    5684
6    4656
7    3731
8    2934
9    3143
10    2990
11    3151
12    3554
13    4200
14    5002
15    5837
16    6597
17    7297
18    7913
19    8316
20    8634
21    8884
22    9114
23    9314
24    9507
25    9672
26    9769
27    9845
28    9901
29    9943
30    9987
31    10000
32    10000
33    10000
34    10000
35    10000
36    10000
37    10000
38    10000
39    10000
40    10000
41    10000
42    10000
43    10000
44    10000
45    10000
46    10000
47    10000
48    10000
49    10000
0    9099
1    8775
2    8254
3    7542
4    6637
5    5590
6    4570
7    3666
8    2895
9    3171
10    3100
11    3319
12    3768
13    4445
14    5274
15    6126
16    6890
17    7539
18    8058
19    8368
20    8604
21    8804
22    8977
23    9165
24    9311
25    9444
26    9566
27    9672
28    9757
29    9823
30    9886
31    9941
32    9971
33    9993
34    10000
35    10000
36    10000
37    10000
38    10000
39    10000
40    10000
41    10000
42    10000
43    10000
44    10000
45    10000
46    10000
47    10000
48    10000
49    10000
0    9099
1    8768
2    8240
3    7542
4    6638
5    5623
6    4568
7    3641
8    2870
9    3137
10    3035
11    3233
12    3648
13    4315
14    5126
15    6000
16    6748
17    7369
18    7920
19    8295
20    8594
21    8852
22    9067
23    9256
24    9432
25    9611
26    9761
27    9844
28    9902
29    9933
30    9958
31    9980
32    9995
33    10000
34    10000
35    10000
36    10000
37    10000
38    10000
39    10000
40    10000
41    10000
42    10000
43    10000
44    10000
45    10000
46    10000
47    10000
48    10000
49    10000
0    9099
1    8778
2    8207
3    7443
4    6547
5    5530
6    4537
7    3646
8    2874
9    3159
10    3027
11    3251
12    3723
13    4383
14    5193
15    6003
16    6740
17    7368
18    7881
19    8260
20    8562
21    8834
22    9070
23    9277
24    9460
25    9614
26    9758
27    9861
28    9935
29    9980
30    10000
31    10000
32    10000
33    10000
34    10000
35    10000
36    10000
37    10000
38    10000
39    10000
40    10000
41    10000
42    10000
43    10000
44    10000
45    10000
46    10000
47    10000
48    10000
49    10000
